                Hips: ( -0.013880,   0.995343,   0.095395) <> (  0.000000,   1.000000,   0.000000)
                      (  0.998835,  -0.047753,   0.000000,  -0.006948) = [  -5.47,   -0.04,   -0.80]
               Spine: ( -0.014015,   0.995341,   0.095391) <> ( -0.013880,   0.995343,   0.095394)
                      (  1.000000,   0.000000,   0.000000,   0.000000) = [   0.00,   -0.00,    0.00]
              Spine1: ( -0.014015,   0.995341,   0.095391) <> ( -0.013880,   0.995343,   0.095394)
                      (  1.000000,   0.000000,   0.000000,   0.000000) = [   0.00,   -0.00,    0.00]
              Spine2: ( -0.011183,   0.997060,   0.075805) <> ( -0.013880,   0.995343,   0.095394)
                      (  1.000000,   0.000000,   0.000000,   0.000000) = [   0.00,   -0.00,    0.00]
                Neck: ( -0.000104,   0.917934,  -0.396732) <> ( -0.013880,   0.995343,   0.095394)
                      (  0.968456,   0.249082,   0.002848,   0.006524) = [  28.85,    0.13,    0.81]
                Head: ( -0.000129,   0.995171,  -0.098157) <> ( -0.000104,   0.917934,  -0.396732)
                      (  0.988039,  -0.154202,  -0.000021,  -0.000007) = [ -17.74,   -0.00,   -0.00]
        LeftShoulder: (  0.998309,   0.057336,  -0.009555) <> (  0.999903,   0.013880,   0.000664)
                      (  1.000000,   0.000000,   0.000000,   0.000000) = [   0.00,   -0.00,    0.00]
             LeftArm: (  0.996587,  -0.032577,  -0.075844) <> (  0.999903,   0.013880,   0.000664)
                      (  0.998997,   0.000516,  -0.038288,   0.023226) = [  -0.04,   -4.39,    2.67]
         LeftForeArm: (  0.997116,   0.000255,  -0.075890) <> (  0.996587,  -0.032576,  -0.075844)
                      (  1.000000,   0.000000,   0.000000,   0.000000) = [   0.00,   -0.00,    0.00]
            LeftHand: (  0.997117,   0.000258,  -0.075873) <> (  0.975681,   0.039130,  -0.215675)
                      (  0.997307,   0.001461,   0.070703,   0.019435) = [   0.33,    8.10,    2.26]
      LeftHandThumb1: (  0.738509,  -0.447054,  -0.504724) <> (  0.944621,  -0.244468,  -0.218921)
                      (  0.979131,  -0.013032,  -0.160907,   0.123454) = [  -3.94,  -18.17,   15.00]
      LeftHandThumb2: (  0.738521,  -0.447006,  -0.504749) <> (  0.916288,  -0.309926,  -0.253697)
                      (  0.985721,  -0.021827,  -0.139561,   0.091659) = [  -4.09,  -15.73,   11.19]
      LeftHandThumb3: (  0.738546,  -0.447021,  -0.504700) <> (  0.738521,  -0.447006,  -0.504749)
                      (  1.000000,   0.000000,   0.000000,   0.000000) = [   0.00,   -0.00,    0.00]
      LeftHandIndex1: (  0.997118,   0.000306,  -0.075867) <> (  0.997307,  -0.067831,   0.027885)
                      (  0.998072,  -0.002574,  -0.051834,  -0.034036) = [  -0.09,   -5.95,   -3.90]
      LeftHandIndex2: (  0.997120,   0.000260,  -0.075836) <> (  0.997247,   0.000134,  -0.074150)
                      (  1.000000,   0.000000,   0.000000,   0.000000) = [   0.00,   -0.00,    0.00]
      LeftHandIndex3: (  0.997117,   0.000282,  -0.075878) <> (  0.997489,  -0.000200,  -0.070821)
                      (  1.000000,   0.000000,   0.000000,   0.000000) = [   0.00,   -0.00,    0.00]
     LeftHandMiddle1: (  0.997115,   0.000254,  -0.075912) <> (  0.995293,  -0.071409,   0.065520)
                      (  0.996852,  -0.002711,  -0.070666,  -0.035841) = [  -0.02,   -8.11,   -4.12]
     LeftHandMiddle2: (  0.997115,   0.000310,  -0.075910) <> (  0.997114,   0.000254,  -0.075912)
                      (  1.000000,   0.000000,   0.000000,   0.000000) = [   0.00,   -0.00,    0.00]
     LeftHandMiddle3: (  0.997118,   0.000309,  -0.075867) <> (  0.997114,   0.000254,  -0.075912)
                      (  1.000000,   0.000000,   0.000000,   0.000000) = [   0.00,   -0.00,    0.00]
       LeftHandRing1: (  0.997121,   0.000228,  -0.075826) <> (  0.995293,  -0.071409,   0.065520)
                      (  0.996856,  -0.002708,  -0.070623,  -0.035828) = [  -0.02,   -8.11,   -4.12]
       LeftHandRing2: (  0.997122,   0.000280,  -0.075812) <> (  0.997121,   0.000229,  -0.075827)
                      (  1.000000,   0.000000,   0.000000,   0.000000) = [   0.00,   -0.00,    0.00]
       LeftHandRing3: (  0.997116,   0.000274,  -0.075894) <> (  0.997121,   0.000229,  -0.075827)
                      (  1.000000,   0.000000,   0.000000,   0.000000) = [   0.00,   -0.00,    0.00]
      LeftHandPinky1: (  0.997113,   0.000236,  -0.075929) <> (  0.995293,  -0.071409,   0.065520)
                      (  0.996852,  -0.002712,  -0.070674,  -0.035832) = [  -0.02,   -8.11,   -4.12]
      LeftHandPinky2: (  0.997117,   0.000262,  -0.075875) <> (  0.997113,   0.000237,  -0.075930)
                      (  1.000000,   0.000000,   0.000000,   0.000000) = [   0.00,   -0.00,    0.00]
      LeftHandPinky3: (  0.997115,   0.000376,  -0.075907) <> (  0.997113,   0.000237,  -0.075930)
                      (  1.000000,   0.000000,   0.000000,   0.000000) = [   0.00,   -0.00,    0.00]
       RightShoulder: ( -0.998329,   0.056992,  -0.009562) <> ( -0.999903,  -0.013880,  -0.000664)
                      (  0.999362,  -0.000085,   0.004452,   0.035445) = [   0.01,    0.51,    4.06]
            RightArm: ( -0.996576,  -0.032922,  -0.075851) <> ( -0.998329,   0.056993,  -0.009562)
                      (  0.998439,   0.002323,   0.033149,  -0.044902) = [   0.10,    3.81,   -5.15]
        RightForeArm: ( -0.997116,  -0.000093,  -0.075893) <> ( -0.996576,  -0.032922,  -0.075851)
                      (  1.000000,   0.000000,   0.000000,   0.000000) = [   0.00,   -0.00,    0.00]
           RightHand: ( -0.997116,  -0.000100,  -0.075896) <> ( -0.975676,   0.038547,  -0.215804)
                      (  0.997305,   0.001478,  -0.070756,  -0.019319) = [   0.33,   -8.11,   -2.24]
     RightHandThumb1: ( -0.738375,  -0.447291,  -0.504711) <> ( -0.944560,  -0.245061,  -0.218520)
                      (  0.979118,  -0.013248,   0.161053,  -0.123349) = [  -3.96,   18.19,  -15.00]
     RightHandThumb2: ( -0.738337,  -0.447307,  -0.504752) <> ( -0.916261,  -0.309788,  -0.253964)
                      (  0.985715,  -0.021693,   0.139479,  -0.091873) = [  -4.07,   15.72,  -11.21]
     RightHandThumb3: ( -0.738368,  -0.447339,  -0.504679) <> ( -0.738338,  -0.447307,  -0.504752)
                      (  1.000000,   0.000000,   0.000000,   0.000000) = [   0.00,   -0.00,    0.00]
     RightHandIndex1: ( -0.997112,  -0.000072,  -0.075947) <> ( -0.997292,  -0.068009,   0.027979)
                      (  0.998071,  -0.002589,   0.051920,   0.033936) = [  -0.09,    5.96,    3.89]
     RightHandIndex2: ( -0.997118,  -0.000091,  -0.075865) <> ( -0.997241,  -0.000241,  -0.074228)
                      (  1.000000,   0.000000,   0.000000,   0.000000) = [   0.00,   -0.00,    0.00]
     RightHandIndex3: ( -0.997115,  -0.000111,  -0.075910) <> ( -0.997483,  -0.000569,  -0.070900)
                      (  1.000000,   0.000000,   0.000000,   0.000000) = [   0.00,   -0.00,    0.00]
    RightHandMiddle1: ( -0.997115,  -0.000070,  -0.075909) <> ( -0.995278,  -0.071521,   0.065621)
                      (  0.996853,  -0.002725,   0.070713,   0.035735) = [  -0.02,    8.12,    4.10]
    RightHandMiddle2: ( -0.997119,  -0.000106,  -0.075858) <> ( -0.997115,  -0.000070,  -0.075907)
                      (  1.000000,   0.000000,   0.000000,   0.000000) = [   0.00,   -0.00,    0.00]
    RightHandMiddle3: ( -0.997118,  -0.000126,  -0.075873) <> ( -0.997115,  -0.000070,  -0.075907)
                      (  1.000000,   0.000000,   0.000000,   0.000000) = [   0.00,   -0.00,    0.00]
      RightHandRing1: ( -0.997114,  -0.000086,  -0.075917) <> ( -0.995278,  -0.071521,   0.065621)
                      (  0.996853,  -0.002726,   0.070717,   0.035726) = [  -0.02,    8.12,    4.10]
      RightHandRing2: ( -0.997112,  -0.000159,  -0.075942) <> ( -0.997114,  -0.000087,  -0.075916)
                      (  1.000000,   0.000000,   0.000000,   0.000000) = [   0.00,   -0.00,    0.00]
      RightHandRing3: ( -0.997115,  -0.000112,  -0.075901) <> ( -0.997114,  -0.000087,  -0.075916)
                      (  1.000000,   0.000000,   0.000000,   0.000000) = [   0.00,   -0.00,    0.00]
     RightHandPinky1: ( -0.997120,  -0.000136,  -0.075835) <> ( -0.995278,  -0.071521,   0.065621)
                      (  0.996856,  -0.002725,   0.070676,   0.035702) = [  -0.02,    8.11,    4.10]
     RightHandPinky2: ( -0.997114,  -0.000091,  -0.075912) <> ( -0.997120,  -0.000136,  -0.075834)
                      (  1.000000,   0.000000,   0.000000,   0.000000) = [   0.00,   -0.00,    0.00]
     RightHandPinky3: ( -0.997114,  -0.000131,  -0.075923) <> ( -0.997120,  -0.000136,  -0.075834)
                      (  1.000000,   0.000000,   0.000000,   0.000000) = [   0.00,   -0.00,    0.00]
           LeftUpLeg: (  0.004340,  -0.999877,  -0.015061) <> (  0.013880,  -0.995343,  -0.095394)
                      (  0.999179,   0.040228,   0.000103,   0.004783) = [   4.61,   -0.01,    0.55]
             LeftLeg: ( -0.003519,  -0.997480,   0.070868) <> (  0.004340,  -0.999877,  -0.015063)
                      (  0.999068,   0.042982,   0.000127,   0.003927) = [   4.93,   -0.00,    0.45]
            LeftFoot: (  0.094799,  -0.598571,  -0.795441) <> ( -0.001438,  -0.498311,  -0.866997)
                      (  0.996941,   0.061479,   0.041795,  -0.024124) = [   6.95,    4.95,   -2.47]
         LeftToeBase: (  0.098569,  -0.030961,  -0.994648) <> (  0.089233,  -0.190506,  -0.977622)
                      (  0.996766,  -0.079868,   0.003816,  -0.008034) = [  -9.17,    0.36,   -0.95]
          RightUpLeg: ( -0.003732,  -0.999992,   0.001124) <> (  0.013880,  -0.995343,  -0.095394)
                      (  0.998793,   0.048314,  -0.000170,   0.008808) = [   5.54,   -0.07,    1.01]
            RightLeg: (  0.004081,  -0.997807,   0.066073) <> ( -0.003732,  -0.999992,   0.001123)
                      (  0.999464,   0.032493,  -0.000126,  -0.003905) = [   3.72,    0.00,   -0.45]
           RightFoot: ( -0.095163,  -0.601909,  -0.792874) <> (  0.001633,  -0.494138,  -0.869382)
                      (  0.996640,   0.065972,  -0.042156,   0.024084) = [   7.47,   -5.00,    2.44]
        RightToeBase: ( -0.098172,  -0.030831,  -0.994692) <> ( -0.089980,  -0.194599,  -0.976747)
                      (  0.996593,  -0.082005,  -0.003205,   0.008193) = [  -9.41,   -0.29,    0.97]
