                Hips: ( -0.000000,   1.000000,  -0.000000) <> (  0.000000,   1.000000,   0.000000)
                      (  1.000000,   0.000000,   0.000000,   0.000000) = [   0.00,   -0.00,    0.00]
               Spine: ( -0.000000,   0.999283,   0.037860) <> ( -0.000000,   1.000000,   0.000000)
                      (  1.000000,   0.000000,   0.000000,   0.000000) = [   0.00,   -0.00,    0.00]
              Spine2: ( -0.000000,   0.999984,  -0.005663) <> ( -0.000000,   0.997185,  -0.074979)
                      (  0.999398,  -0.034688,  -0.000000,  -0.000000) = [  -3.98,   -0.00,   -0.00]
                Neck: (  0.000000,   0.968322,  -0.249704) <> ( -0.000000,   0.999984,  -0.005660)
                      (  0.992401,   0.123045,   0.000000,   0.000000) = [  14.14,    0.00,    0.00]
                Head: (  0.000000,   0.984072,   0.177772) <> (  0.000000,   1.000000,  -0.000001)
                      (  0.996010,  -0.089243,   0.000000,  -0.000000) = [ -10.24,    0.00,   -0.00]
        LeftShoulder: (  0.993109,  -0.117193,   0.000000) <> (  1.000000,   0.000000,  -0.000000)
                      (  0.998276,   0.000000,   0.000000,   0.058699) = [   0.00,    0.00,    6.73]
             LeftArm: (  0.973810,  -0.226611,  -0.018500) <> (  1.000000,  -0.000002,   0.000000)
                      (  0.993431,  -0.000000,  -0.009311,   0.114054) = [  -0.12,   -1.06,   13.10]
         LeftForeArm: (  0.704882,  -0.000002,  -0.709325) <> (  1.000000,  -0.000000,  -0.000000)
                      (  0.923277,  -0.000000,  -0.384134,   0.000001) = [  -0.00,  -45.18,    0.00]
            LeftHand: (  0.990340,  -0.112960,   0.080411) <> (  0.987434,   0.056301,  -0.147661)
                      (  0.989864,   0.006139,   0.113973,   0.084506) = [   1.85,   12.98,    9.97]
      LeftHandThumb1: (  0.776975,  -0.297209,  -0.554956) <> (  0.976818,  -0.108394,  -0.184603)
                      (  0.973043,  -0.002717,  -0.204852,   0.105905) = [  -3.04,  -23.46,   13.05]
      LeftHandThumb2: (  0.981674,  -0.173269,  -0.079333) <> (  0.943287,  -0.319437,   0.090380)
                      (  0.993524,  -0.020635,  -0.082312,  -0.075561) = [  -1.66,   -9.59,   -8.56]
      LeftHandThumb3: (  0.987359,  -0.158498,   0.000000) <> (  1.000000,   0.000006,  -0.000006)
                      (  0.996835,   0.000000,   0.000003,   0.079505) = [   0.00,    0.00,    9.12]
      LeftHandIndex1: (  0.996321,  -0.075433,  -0.040662) <> (  0.995308,   0.072599,   0.063973)
                      (  0.995884,  -0.000941,  -0.052319,   0.074010) = [  -0.55,   -5.97,    8.53]
      LeftHandIndex2: (  0.962544,  -0.271126,   0.000002) <> (  0.999999,  -0.000172,   0.001716)
                      (  0.990603,  -0.000235,  -0.000833,   0.136765) = [  -0.04,   -0.09,   15.72]
      LeftHandIndex3: (  0.996779,  -0.080199,   0.000007) <> (  0.999994,  -0.000366,   0.003339)
                      (  0.999200,  -0.000134,  -0.001662,   0.039951) = [  -0.02,   -0.19,    4.58]
     LeftHandMiddle1: (  0.996807,  -0.079846,  -0.000005) <> (  0.992468,   0.068578,   0.101510)
                      (  0.995948,  -0.004069,  -0.050801,   0.074102) = [  -0.90,   -5.77,    8.56]
     LeftHandMiddle2: (  0.967176,  -0.254107,   0.000002) <> (  1.000000,   0.000005,  -0.000004)
                      (  0.991760,   0.000001,   0.000003,   0.128112) = [   0.00,    0.00,   14.72]
     LeftHandMiddle3: (  0.995899,  -0.090469,  -0.000006) <> (  1.000000,  -0.000012,   0.000002)
                      (  0.998975,  -0.000000,  -0.000004,   0.045275) = [  -0.00,   -0.00,    5.19]
       LeftHandRing1: (  0.979624,  -0.186527,   0.074460) <> (  0.992468,   0.068578,   0.101510)
                      (  0.991719,  -0.012121,  -0.012878,   0.127205) = [  -1.57,   -1.29,   14.64]
       LeftHandRing2: (  0.981426,  -0.191839,   0.000010) <> (  1.000000,  -0.000008,   0.000004)
                      (  0.995346,  -0.000000,   0.000003,   0.096364) = [  -0.00,    0.00,   11.06]
       LeftHandRing3: (  0.998392,  -0.056691,  -0.000003) <> (  1.000000,   0.000001,   0.000010)
                      (  0.999598,  -0.000000,  -0.000007,   0.028356) = [  -0.00,   -0.00,    3.25]
      LeftHandPinky1: (  0.978412,  -0.171635,   0.115114) <> (  0.992468,   0.068578,   0.101510)
                      (  0.992713,  -0.012751,   0.007519,   0.119592) = [  -1.35,    1.03,   13.73]
      LeftHandPinky2: (  0.973061,  -0.230547,  -0.000008) <> (  1.000000,   0.000005,   0.000004)
                      (  0.993242,  -0.000000,  -0.000006,   0.116060) = [  -0.00,   -0.00,   13.33]
      LeftHandPinky3: (  0.999309,  -0.037164,  -0.000004) <> (  1.000000,   0.000014,  -0.000008)
                      (  1.000000,   0.000000,   0.000000,   0.000000) = [   0.00,   -0.00,    0.00]
       RightShoulder: ( -0.993103,  -0.117248,   0.000004) <> ( -1.000000,  -0.000000,   0.000000)
                      (  0.998274,  -0.000000,  -0.000002,  -0.058726) = [   0.00,   -0.00,   -6.73]
            RightArm: ( -0.973814,   0.226590,   0.018505) <> ( -1.000008,   0.000059,  -0.000000)
                      (  0.993437,  -0.000001,  -0.009312,   0.113998) = [  -0.12,   -1.06,   13.09]
        RightForeArm: ( -0.704887,   0.000010,   0.709319) <> ( -1.000008,  -0.000059,  -0.000002)
                      (  0.923280,   0.000023,  -0.384128,   0.000028) = [   0.00,  -45.18,    0.00]
           RightHand: ( -0.990342,   0.112947,  -0.080413) <> ( -0.987445,  -0.056290,   0.147646)
                      (  0.989868,   0.006136,   0.113955,   0.084485) = [   1.85,   12.98,    9.97]
     RightHandThumb1: ( -0.776982,   0.297208,   0.554947) <> ( -0.976827,   0.108365,   0.184613)
                      (  0.973045,  -0.002707,  -0.204837,   0.105912) = [  -3.04,  -23.46,   13.06]
     RightHandThumb2: ( -0.981673,   0.173286,   0.079317) <> ( -0.943288,   0.319457,  -0.090393)
                      (  0.993526,  -0.020631,  -0.082297,  -0.075549) = [  -1.66,   -9.59,   -8.56]
     RightHandThumb3: ( -0.987358,   0.158504,   0.000097) <> ( -1.000008,   0.000038,  -0.000039)
                      (  0.996838,  -0.000003,  -0.000068,   0.079459) = [  -0.00,   -0.01,    9.11]
     RightHandIndex1: ( -0.996326,   0.075370,   0.040672) <> ( -0.995314,  -0.072634,  -0.063959)
                      (  0.995887,  -0.000937,  -0.052304,   0.073977) = [  -0.55,   -5.97,    8.53]
     RightHandIndex2: ( -0.962517,   0.271220,  -0.000034) <> ( -1.000007,   0.000069,  -0.001734)
                      (  0.990591,  -0.000237,  -0.000825,   0.136850) = [  -0.04,   -0.09,   15.73]
     RightHandIndex3: ( -0.996777,   0.080218,  -0.000046) <> ( -1.000003,   0.000434,  -0.003367)
                      (  0.999203,  -0.000135,  -0.001654,   0.039872) = [  -0.02,   -0.19,    4.57]
    RightHandMiddle1: ( -0.996817,   0.079720,   0.000017) <> ( -0.992476,  -0.068613,  -0.101496)
                      (  0.995953,  -0.004060,  -0.050787,   0.074038) = [  -0.90,   -5.77,    8.55]
    RightHandMiddle2: ( -0.967131,   0.254278,  -0.000056) <> ( -1.000008,  -0.000171,  -0.000008)
                      (  0.991740,  -0.000001,   0.000024,   0.128266) = [   0.00,    0.00,   14.74]
    RightHandMiddle3: ( -0.995913,   0.090312,   0.000021) <> ( -1.000008,   0.000156,  -0.000057)
                      (  0.998983,  -0.000003,  -0.000039,   0.045079) = [  -0.00,   -0.00,    5.17]
      RightHandRing1: ( -0.979619,   0.186552,  -0.074462) <> ( -0.992476,  -0.068613,  -0.101496)
                      (  0.991717,  -0.012121,  -0.012868,   0.127219) = [  -1.57,   -1.29,   14.64]
      RightHandRing2: ( -0.981458,   0.191679,   0.000021) <> ( -1.000008,   0.000001,  -0.000008)
                      (  0.995356,  -0.000001,  -0.000015,   0.096266) = [  -0.00,   -0.00,   11.05]
      RightHandRing3: ( -0.998391,   0.056708,  -0.000018) <> ( -1.000008,  -0.000202,   0.000023)
                      (  0.999597,   0.000001,   0.000020,   0.028394) = [   0.00,    0.00,    3.25]
     RightHandPinky1: ( -0.978435,   0.171523,  -0.115087) <> ( -0.992476,  -0.068613,  -0.101496)
                      (  0.992720,  -0.012744,   0.007511,   0.119536) = [  -1.35,    1.03,   13.72]
     RightHandPinky2: ( -0.972998,   0.230813,  -0.000045) <> ( -1.000009,  -0.000155,   0.000027)
                      (  0.993220,   0.000003,   0.000036,   0.116253) = [   0.00,    0.00,   13.35]
     RightHandPinky3: ( -0.999319,   0.036906,   0.000037) <> ( -1.000008,   0.000226,  -0.000047)
                      (  1.000000,   0.000000,   0.000000,   0.000000) = [   0.00,   -0.00,    0.00]
           LeftUpLeg: (  0.037847,  -0.998806,   0.030887) <> (  0.000000,  -1.000000,  -0.000000)
                      (  0.999701,   0.015449,   0.000000,  -0.018929) = [   1.77,    0.03,   -2.17]
             LeftLeg: (  0.998402,   0.056518,   0.000000) <> (  1.000000,   0.000000,  -0.000000)
                      (  0.999600,  -0.000000,   0.000000,  -0.028270) = [  -0.00,    0.00,   -3.24]
            LeftFoot: (  0.430544,  -0.897812,  -0.092544) <> (  0.435618,  -0.899842,   0.022833)
                      (  0.998331,  -0.051975,  -0.025115,   0.001844) = [  -5.97,   -2.86,    0.36]
         LeftToeBase: (  0.887655,  -0.460510,  -0.000000) <> (  0.900131,  -0.433030,   0.047428)
                      (  0.999605,  -0.010925,  -0.021058,   0.015075) = [  -1.29,   -2.39,    1.75]
          RightUpLeg: ( -0.037846,  -0.998806,   0.030887) <> (  0.000000,  -1.000000,  -0.000000)
                      (  0.999701,   0.015449,  -0.000000,   0.018929) = [   1.77,   -0.03,    2.17]
            RightLeg: ( -0.998402,  -0.056519,  -0.000001) <> ( -1.000000,  -0.000000,   0.000000)
                      (  0.999600,  -0.000000,   0.000001,  -0.028269) = [  -0.00,    0.00,   -3.24]
           RightFoot: ( -0.430545,   0.897812,   0.092547) <> ( -0.435616,   0.899843,  -0.022833)
                      (  0.998331,  -0.051974,  -0.025114,   0.001842) = [  -5.97,   -2.86,    0.36]
        RightToeBase: ( -0.887655,   0.438197,   0.141601) <> ( -0.900131,   0.426634,   0.088021)
                      (  0.999605,  -0.010924,  -0.024672,   0.007868) = [  -1.28,   -2.82,    0.93]
